image_width: 960
image_height: 720
camera_name: camera_front
camera_matrix:
  rows: 3
  cols: 3
  data: [941.157225, 0.000000, 452.917655, 0.000000, 941.828857, 365.688689, 0.000000, 0.000000, 1.000000]
distortion_model: plumb_bob
distortion_coefficients:
  rows: 1
  cols: 5
  data: [-0.004306, 0.075005, 0.000249, -0.007162, 0.000000]
rectification_matrix:
  rows: 3
  cols: 3
  data: [1.000000, 0.000000, 0.000000, 0.000000, 1.000000, 0.000000, 0.000000, 0.000000, 1.000000]
projection_matrix:
  rows: 3
  cols: 4
  data: [949.711426, 0.000000, 447.736415, 0.000000, 0.000000, 956.075378, 365.760827, 0.000000, 0.000000, 0.000000, 1.000000, 0.000000]